0.0 4.759
0.680000000000291 3.99
0.7099999999991269 3.99
0.7214999999996508 3.9250000000000007
0.8899999999994179 3.808
0.9900000000052387 3.7040000000000006
1.6200000000026193 3.26
1.639999999999418 3.24
1.9100000000034925 3.035
2.0 2.9800000000000004
2.6200000000026193 2.6999999999999993
2.6300000000046566 2.6500000000000004
2.665899999999965 2.6099999999999994
3.639999999999418 2.1899999999999995
3.653200000000652 2.0950000000000006
3.889999999999418 2.021000000000001
3.9800000000032014 1.9939999999999998
4.599999999998545 1.7699999999999996
4.639999999999418 1.7200000000000006
4.648399999998219 1.665000000000001
4.654399999999441 1.6199999999999992
4.880000000004657 1.5920000000000005
4.980000000003201 1.5350000000000001
5.645799999998417 1.2590000000000003
5.646500000002561 1.3119999999999994
5.650000000001455 1.3499999999999996
5.889999999999418 1.25
5.980000000003201 1.218
6.635800000003655 1.0139999999999993
6.649600000004284 0.9619999999999997
6.69380000000092 0.9429999999999996
6.980000000003201 0.9100000000000001
7.611799999998766 0.6880000000000006
7.620000000002619 0.8499999999999996
7.630000000004657 0.8000000000000007
7.870000000002619 0.6519999999999992
7.980000000003201 0.7219999999999995
8.599999999998545 0.6400000000000006
8.610000000000582 0.5999999999999996
8.613100000002305 0.5440000000000005
8.659299999999348 0.5359999999999996
8.660000000003492 0.6300000000000008
8.980000000003201 0.5289999999999999
9.599999999998545 0.4499999999999993
9.613400000002002 0.42300000000000004
9.630000000004657 0.46000000000000085
9.690000000002328 0.47000000000000064
9.87000000000262 0.41600000000000037
9.970000000001164 0.3830000000000009
10.619200000001001 0.21000000000000085
10.639999999999418 0.3699999999999992
10.970000000001164 0.28200000000000003
11.970000000001164 0.1980000000000004
12.617799999999988 0.18399999999999928
12.639999999999418 0.1899999999999995
12.65280000000348 0.15700000000000003
12.970000000001164 0.14700000000000024
13.970000000001164 0.09500000000000064
14.622699999999895 0.034000000000000696
14.970000000001164 0.09500000000000064
15.609799999998359 0.11700000000000088
15.622900000002119 0.032999999999999474
15.860000000000582 0.12199999999999989
16.61030000000028 0.006000000000000227
16.624000000003434 0.0
16.676800000001094 0.04400000000000048
16.69000000000233 0.08000000000000007
16.860000000000582 0.0909999999999993
16.970000000001164 0.09600000000000009
17.613100000002305 0.03500000000000014
17.860000000000582 0.0860000000000003
17.970000000001164 0.10500000000000043
18.580000000001746 0.11999999999999922
18.604700000003504 0.09699999999999953
18.646600000000035 0.0039999999999995595
18.910000000003492 0.11100000000000065
18.959999999999127 0.06900000000000084
19.56999999999971 0.07000000000000028
19.61250000000291 0.07000000000000028
19.621800000000803 0.05400000000000027
19.959999999999127 0.0990000000000002
20.56999999999971 0.14000000000000057
20.616399999998976 0.032999999999999474
20.629899999999907 0.04899999999999949
20.959999999999127 0.125
21.56999999999971 0.16999999999999993
21.61119999999937 0.019999999999999574
21.61330000000453 0.09500000000000064
21.860000000000582 0.16000000000000014
22.615700000002107 0.11299999999999955
22.69680000000517 0.15700000000000003
23.529999999998836 0.3100000000000005
23.596300000004703 0.27200000000000024
23.651700000002165 0.2270000000000003
23.849999999998545 0.26099999999999923
24.580000000001746 0.3800000000000008
24.860000000000582 0.36299999999999955
25.637699999999313 0.3390000000000004
26.55000000000291 0.5099999999999998
26.659700000003795 0.38400000000000034
26.849999999998545 0.5080000000000009
27.58729999999923 0.5169999999999995
27.623500000001513 0.5129999999999999
27.632900000004156 0.5280000000000005
28.600100000003295 0.4559999999999995
28.840000000003783 0.6600000000000001
29.604200000001583 0.6810000000000009
30.590799999998126 0.7289999999999992
30.840000000003783 0.7349999999999994
31.55000000000291 0.8100000000000005
31.56999999999971 0.8100000000000005
31.588800000004994 0.7840000000000007
31.64839999999822 0.6650000000000009
31.849999999998545 0.7520000000000007
32.55000000000291 0.8300000000000001
32.58310000000347 0.7490000000000006
32.59279999999853 0.6899999999999995
33.54000000000087 0.8300000000000001
33.58209999999963 0.7650000000000006
33.594300000004296 0.7390000000000008
33.84000000000378 0.8109999999999999
34.56000000000495 0.8300000000000001
34.57719999999972 0.7690000000000001
34.628499999998894 0.7780000000000005
35.625599999999395 0.7799999999999994
36.55000000000291 0.8300000000000001
36.57420000000275 0.8149999999999995
36.62540000000445 0.7970000000000006
37.57310000000143 0.8079999999999998
37.62000000000262 0.8100000000000005
37.62170000000333 0.8089999999999993
38.57360000000335 0.7970000000000006
39.57839999999851 0.8320000000000007
39.622800000004645 0.8409999999999993
40.56790000000183 0.8490000000000002
40.62340000000404 0.8740000000000006
40.86000000000058 0.9299999999999997
40.9800000000032 0.9299999999999997
41.57390000000305 0.891
41.615499999999884 0.907
41.830000000001746 0.9450000000000003
42.562000000005355 0.9060000000000006
42.830000000001746 1.0050000000000008
43.830000000001746 1.0380000000000003
45.5625 1.0690000000000008
45.59000000000378 1.1400000000000006
45.830000000001746 1.1340000000000003
45.89470000000438 1.141
46.89310000000114 1.189
47.5653999999995 1.1839999999999993
47.61609999999928 1.2240000000000002
49.55540000000474 1.3569999999999993
51.61319999999978 1.5039999999999996
53.55210000000079 1.593
53.56580000000395 1.649000000000001
53.580000000001746 1.67
53.59000000000378 1.7100000000000009
53.61300000000483 1.6080000000000005
54.2300000000032 1.6950000000000003
54.54920000000129 1.6709999999999994
54.55000000000291 1.7400000000000002
54.597600000000966 1.6829999999999998
57.55000000000291 1.8599999999999994
57.56000000000495 1.8699999999999992
59.613400000002 1.9280000000000008
59.81000000000495 1.9420000000000002
60.81999999999971 1.9589999999999996
62.59000000000378 2.08
64.01000000000204 2.09
65.57180000000517 2.1340000000000003
66.2300000000032 2.165000000000001
66.9855000000025 2.2200000000000006
69.01000000000204 2.2300000000000004
69.81999999999971 2.2699999999999996
69.97000000000116 2.2699999999999996
71.35749999999825 2.369999999999999
72.2300000000032 2.3360000000000003
73.02000000000407 2.41
73.5 2.4000000000000004
74.20999999999913 2.423
75.59000000000378 2.58
76.97620000000461 2.497
77.34470000000147 2.545
77.59000000000378 2.59
80.01880000000529 2.665000000000001
80.02999999999884 2.66
80.49000000000524 2.6799999999999997
82.0292000000045 2.7119999999999997
83.00110000000132 2.7539999999999996
83.35510000000068 2.728999999999999
84.00530000000435 2.7859999999999996
85.0 2.790000000000001
85.25 2.7680000000000007
85.32050000000163 2.798
86.00170000000071 2.8260000000000005
88.02309999999852 2.8230000000000004
89.25 2.8759999999999994
90.01260000000184 2.9529999999999994
90.33020000000397 2.949
91.00160000000324 2.9779999999999998
91.02999999999884 2.9800000000000004
91.25 2.984
91.30840000000171 2.974
91.98270000000048 3.0489999999999995
92.26000000000204 2.9819999999999993
92.976800000004 3.0730000000000004
94.02810000000318 3.087999999999999
94.31320000000414 3.0700000000000003
95.04000000000087 3.1400000000000006
95.29560000000492 3.0869999999999997
96.01660000000265 3.138
96.29110000000219 3.122
97.28680000000168 3.1630000000000003
98.03040000000328 3.2279999999999998
98.29439999999886 3.1959999999999997
100.24000000000524 3.2349999999999994
