0.0 5.692
0.06690000000526197 5.533999999999999
0.24390000000130385 5.312999999999999
0.9239000000015949 4.436999999999999
0.9539000000004307 4.466999999999999
0.9654000000009546 4.395
1.0771000000022468 4.218999999999999
1.1339000000007218 4.1789999999999985
1.2057000000058906 4.1579999999999995
1.2339000000065425 4.119
1.2833000000027823 4.087
1.4734000000025844 3.923
1.6121000000057393 3.827
1.8639000000039232 3.616999999999999
1.8839000000007218 3.6069999999999993
2.141200000005483 3.4179999999999993
2.1539000000047963 3.427999999999999
2.243900000001304 3.292
2.2797000000064145 3.305999999999999
2.4140000000043074 3.177999999999999
2.6859000000040396 3.0539999999999985
2.809900000000198 3.029
2.863900000003923 2.9369999999999994
2.8739000000059605 2.9369999999999994
2.882499999999709 2.968
2.909800000001269 2.875
3.1539000000047963 2.7669999999999995
3.8839000000007218 2.4269999999999996
3.8971000000019558 2.369999999999999
4.133900000000722 2.254999999999999
4.223900000004505 2.328999999999999
4.843899999999849 1.9369999999999994
4.883900000000722 1.9169999999999998
4.892299999999523 1.83
4.898300000000745 1.795
5.1239000000059605 1.7969999999999988
5.133900000000722 1.7969999999999988
5.223900000004505 1.690999999999999
5.889699999999721 1.4159999999999986
5.890400000003865 1.4139999999999997
5.893900000002759 1.5569999999999986
6.133900000000722 1.4169999999999998
6.223900000004505 1.298
6.879700000004959 0.9870000000000001
6.893500000005588 1.0899999999999999
6.9377000000022235 1.0439999999999987
7.223900000004505 1.0119999999999987
7.85570000000007 0.9369999999999994
7.863900000003923 0.8969999999999985
7.8739000000059605 0.8769999999999989
8.153900000004796 0.907
8.223900000004505 0.7859999999999996
8.843899999999849 0.7469999999999999
8.853900000001886 0.6869999999999994
8.857000000003609 0.7279999999999998
8.903200000000652 0.5949999999999989
8.903900000004796 0.7569999999999997
9.223900000004505 0.5759999999999987
9.843899999999849 0.5569999999999986
9.857300000003306 0.5059999999999985
9.933900000003632 0.5969999999999995
10.113900000003923 0.4529999999999994
10.213900000002468 0.43299999999999983
10.863100000002305 0.31899999999999906
10.883900000000722 0.4169999999999998
11.133900000000722 0.46699999999999875
11.213900000002468 0.28200000000000003
12.213900000002468 0.20399999999999885
12.861700000001292 0.11299999999999955
12.883900000000722 0.1769999999999996
12.896700000004785 0.1559999999999988
13.133900000000722 0.27699999999999925
13.213900000002468 0.1349999999999998
14.213900000002468 0.0990000000000002
14.866600000001199 0.03799999999999848
15.213900000002468 0.027999999999998693
15.853699999999662 0.04699999999999882
15.866800000003423 0.014999999999998792
16.103900000001886 0.14100000000000001
16.854200000001583 0.022999999999999687
16.867900000004738 0.0
16.920700000002398 0.03799999999999848
16.933900000003632 0.07699999999999996
17.103900000001886 0.08799999999999919
17.213900000002468 0.04299999999999926
17.85700000000361 0.0019999999999988916
18.103900000001886 0.1789999999999985
18.213900000002468 0.10099999999999909
18.82390000000305 0.15700000000000003
18.848600000004808 0.07499999999999929
18.89050000000134 0.03799999999999848
19.153900000004796 0.16699999999999982
19.20390000000043 0.08199999999999896
19.813900000001013 0.10699999999999932
19.856400000004214 0.07899999999999885
19.865700000002107 0.06700000000000017
20.20390000000043 0.14599999999999902
20.813900000001013 0.2569999999999997
20.86030000000028 0.18799999999999883
20.87380000000121 0.129999999999999
21.20390000000043 0.16199999999999903
21.813900000001013 0.2469999999999999
21.855100000000675 0.17499999999999893
21.857200000005832 0.15700000000000003
22.103900000001886 0.2779999999999987
22.113900000003923 0.2370000000000001
22.80390000000625 0.34699999999999953
22.85960000000341 0.1999999999999993
22.940700000006473 0.2829999999999995
23.77390000000014 0.4269999999999996
23.840200000006007 0.3049999999999997
23.89560000000347 0.33399999999999963
24.09389999999985 0.43299999999999983
24.103900000001886 0.3769999999999989
24.19390000000567 0.38399999999999856
24.82390000000305 0.5069999999999997
25.103900000001886 0.5119999999999987
25.881600000000617 0.49599999999999866
26.793900000004214 0.657
26.9036000000051 0.5719999999999992
27.09389999999985 0.7299999999999986
27.113900000003923 0.657
27.831200000000536 0.7199999999999989
27.867400000002817 0.6739999999999995
27.87680000000546 0.782
28.8440000000046 0.7559999999999985
29.083900000005087 0.9359999999999999
29.848100000002887 0.9100000000000001
30.83469999999943 1.0059999999999985
31.083900000005087 1.1499999999999986
31.793900000004214 1.2169999999999987
31.813900000001013 1.1869999999999994
31.832700000006298 1.1549999999999994
31.892299999999523 1.1549999999999994
32.09389999999985 1.2739999999999991
32.793900000004214 1.327
32.82700000000477 1.2769999999999992
32.83669999999984 1.2649999999999988
33.78390000000218 1.4669999999999987
33.82600000000093 1.3869999999999987
33.8382000000056 1.4019999999999992
34.08390000000509 1.5299999999999994
34.80390000000625 1.5269999999999992
34.821100000001024 1.5079999999999991
34.8724000000002 1.5699999999999985
35.8695000000007 1.6999999999999993
36.793900000004214 1.7169999999999987
36.81810000000405 1.8079999999999998
36.86930000000575 1.8170000000000002
37.15230000000156 1.7850000000000001
37.817000000002736 1.8699999999999992
37.86390000000392 1.866999999999999
37.86560000000463 1.9369999999999994
38.81750000000466 2.020999999999999
39.09389999999985 2.036999999999999
39.822299999999814 2.0359999999999996
39.86670000000595 2.1789999999999985
40.81180000000313 2.2569999999999997
40.86730000000534 2.2729999999999997
41.103900000001886 2.334999999999999
41.817800000004354 2.3389999999999986
41.85940000000119 2.3709999999999987
42.07390000000305 2.4189999999999987
42.80590000000666 2.4159999999999986
43.07390000000305 2.5139999999999993
44.07390000000305 2.6099999999999994
45.806400000001304 2.741999999999999
45.83390000000509 2.667
46.07390000000305 2.795
46.13860000000568 2.6819999999999986
47.137000000002445 2.776
47.8093000000008 2.824
47.86000000000058 2.8649999999999984
49.79930000000604 2.9239999999999995
50.11200000000099 2.9499999999999993
50.58450000000448 2.9349999999999987
51.579499999999825 3.032
51.85710000000108 3.083
52.787600000003295 3.068999999999999
53.07390000000305 3.1469999999999985
53.73090000000229 3.048
53.73170000000391 3.0649999999999995
53.796000000002095 3.0599999999999987
53.80130000000645 3.1149999999999984
53.80970000000525 3.0649999999999995
53.83390000000509 3.1769999999999996
53.856900000006135 3.1979999999999986
54.313700000006065 3.2169999999999987
54.31450000000041 3.0859999999999985
54.39140000000043 3.1189999999999998
54.473900000004505 3.205
54.793100000002596 3.2119999999999997
54.793900000004214 3.167
54.84150000000227 3.2119999999999997
55.38380000000325 3.09
55.384600000004866 3.1159999999999997
55.786900000006426 3.1769999999999996
56.86590000000433 3.186
56.929700000000594 3.208
57.65720000000147 3.25
57.727300000005926 3.2379999999999995
57.793900000004214 3.237
57.80390000000625 3.2669999999999995
58.4600000000064 3.2319999999999993
58.52690000000439 3.2569999999999997
59.473900000004505 3.286999999999999
59.52990000000136 3.2729999999999997
59.59440000000177 3.2829999999999995
59.600500000000466 3.331999999999999
59.601300000002084 3.2749999999999986
59.857300000003306 3.263
60.05390000000625 3.4209999999999994
60.59730000000127 3.3409999999999993
61.06390000000101 3.3969999999999985
61.604700000003504 3.3049999999999997
62.07760000000417 3.318999999999999
62.13590000000113 3.3259999999999987
62.14360000000306 3.308
62.14440000000468 3.282
62.83390000000509 3.366999999999999
63.20730000000185 3.456999999999999
63.67450000000099 3.251999999999999
63.67530000000261 3.312999999999999
64.25390000000334 3.3369999999999997
64.34380000000237 3.4029999999999987
64.80980000000272 3.4109999999999996
64.81060000000434 3.327
65.07949999999983 3.4239999999999995
65.25390000000334 3.327
65.81570000000647 3.3979999999999997
66.21460000000661 3.391
66.21540000000095 3.3579999999999988
66.4739000000045 3.446999999999999
66.95330000000104 3.4349999999999987
67.08360000000539 3.4909999999999997
67.08439999999973 3.394
67.2294000000038 3.4189999999999987
67.28650000000198 3.4609999999999985
68.68900000000576 3.426
68.6898000000001 3.4189999999999987
68.95920000000478 3.4659999999999993
69.05390000000625 3.376999999999999
69.25390000000334 3.3369999999999997
69.29100000000471 3.453999999999999
69.2919000000038 3.4269999999999996
69.43029999999999 3.4669999999999987
70.03110000000015 3.4799999999999986
70.06390000000101 3.471
70.09470000000147 3.443999999999999
70.09550000000309 3.417
70.16320000000269 3.4939999999999998
70.21390000000247 3.4269999999999996
70.5622000000003 3.4209999999999994
71.09810000000289 3.5199999999999996
71.0989000000045 3.440999999999999
71.23340000000462 3.5279999999999987
71.60139999999956 3.475999999999999
72.4739000000045 3.4819999999999993
73.26390000000538 3.4669999999999987
73.7439000000013 3.487
74.45390000000043 3.4779999999999998
75.18549999999959 3.5919999999999987
75.83390000000509 3.6069999999999993
77.22010000000591 3.535
77.58860000000277 3.558
77.7954000000027 3.612
77.83390000000509 3.6869999999999994
80.00930000000517 3.6959999999999997
80.26270000000659 3.594999999999999
80.27390000000014 3.6769999999999996
80.73390000000654 3.6869999999999994
81.27700000000186 3.638
82.2731000000058 3.6149999999999984
83.24500000000262 3.6319999999999997
83.59900000000198 3.635
84.02380000000267 3.6479999999999997
84.24920000000566 3.6609999999999996
85.2439000000013 3.747
85.4939000000013 3.690999999999999
85.56440000000293 3.661999999999999
86.24560000000201 3.676
87.97020000000339 3.7159999999999993
88.26699999999983 3.709999999999999
89.37800000000425 3.753
89.4939000000013 3.705
90.25650000000314 3.7329999999999988
90.57410000000527 3.735999999999999
91.03390000000218 3.7169999999999987
91.24550000000454 3.744999999999999
91.27390000000014 3.8069999999999986
91.4939000000013 3.805999999999999
91.55230000000302 3.7319999999999993
91.85280000000057 3.7829999999999995
92.22660000000178 3.763
92.50390000000334 3.764999999999999
93.22070000000531 3.7779999999999987
93.91120000000228 3.8569999999999993
94.27200000000448 3.792
94.55710000000545 3.7749999999999986
95.28390000000218 3.827
95.53950000000623 3.798
95.98340000000462 3.8599999999999994
96.26050000000396 3.8049999999999997
96.53500000000349 3.792
97.53070000000298 3.802999999999999
97.9881000000023 3.904
98.27430000000459 3.833
98.53830000000016 3.815999999999999
99.53500000000349 3.8839999999999986
100.04390000000421 3.7769999999999992
100.48390000000654 3.8679999999999986
101.73410000000149 3.9109999999999996
